85 90 95
70 75 80
92 88 95
60 65 70
100 98 96
77 82 85
89 91 93
76 78 79
68 72 75
95 96 97
81 83 85
90 92 94
70 71 72
88 87 86
99 100 98
65 68 71
78 82 80
85 86 87
91 93 90
74 76 78
83 84 85
96 95 94
79 81 83
86 89 92
94 97 99
60 70 80
75 85 95
80 90 100
98 88 78
77 88 99
85 95 80
93 82 91
76 87 98
69 78 87
88 99 77
90 80 70
70 85 90
84 91 88
97 92 87
61 72 83
77 89 91
86 93 80
95 88 92
72 81 90
80 85 88
91 86 94
82 87 90
99 91 85
66 77 88
73 84 95